PLUME_MODEL=[2]Beta Distribution with ALPHA and BETA parameteres
EXIT[get_points]:Read 90000 points.
ENTER[get_wind].
[0] 1.000000 3.548360 325.787319
[1] 20.216293 3.547407 324.780562
[2] 39.432586 3.546453 323.773805
[3] 58.648879 3.545500 322.767048
[4] 77.865172 3.544546 321.760291
[5] 97.081465 3.543593 320.753533
[6] 116.297758 3.542639 319.746776
[7] 135.514051 3.541686 318.740019
[8] 154.730344 3.540732 317.733262
[9] 173.946637 3.539779 316.726505
[10] 193.162930 3.538825 315.719748
[11] 212.379223 3.537872 314.712990
[12] 231.595516 3.536918 313.706233
[13] 250.811809 3.535965 312.699476
[14] 270.028102 3.535011 311.692719
[15] 289.244395 3.534057 310.685962
[16] 308.460688 3.533104 309.679205
[17] 327.676981 3.532150 308.672448
[18] 346.893274 3.531197 307.665690
[19] 366.109567 3.530243 306.658933
[20] 385.325860 3.529290 305.652176
[21] 404.542153 3.528336 304.645419
[22] 423.758446 3.527383 303.638662
[23] 442.974739 3.526429 302.631905
[24] 462.191032 3.525476 301.625147
[25] 481.407325 3.524522 300.618390
[26] 500.623618 3.523569 299.611633
[27] 519.839911 3.522615 298.604876
[28] 539.056204 3.521661 297.598119
[29] 558.272497 3.520708 296.591362
[30] 577.488790 3.519754 295.584605
[31] 596.705083 3.518801 294.577847
[32] 615.921376 3.517847 293.571090
[33] 635.137669 3.516894 292.564333
[34] 654.353962 3.515940 291.557576
[35] 673.570255 3.514987 290.550819
[36] 692.786548 3.514033 289.544062
[37] 712.002841 3.513080 288.537304
[38] 731.219134 3.512126 287.530547
[39] 750.435427 3.511173 286.523790
[40] 769.651720 3.510219 285.517033
[41] 788.868013 3.509266 284.510276
[42] 808.084306 3.508312 283.503519
[43] 827.300599 3.507358 282.496762
[44] 846.516892 3.506405 281.490004
[45] 865.733185 3.505451 280.483247
[46] 884.949478 3.504498 279.476490
[47] 904.165771 3.503544 278.469733
[48] 923.382064 3.502591 277.462976
[49] 942.598357 3.501637 276.456219
[50] 961.814650 3.500684 275.449461
[51] 981.030943 3.499730 274.442704
[52] 1000.247236 3.499351 273.450526
[53] 1019.463529 3.543057 273.576877
[54] 1038.679822 3.586763 273.703228
[55] 1057.896115 3.630469 273.829579
[56] 1077.112408 3.674175 273.955930
[57] 1096.328701 3.717881 274.082281
[58] 1115.544994 3.761587 274.208633
[59] 1134.761287 3.805293 274.334984
[60] 1153.977580 3.848998 274.461335
[61] 1173.193873 3.892704 274.587686
[62] 1192.410166 3.936410 274.714037
[63] 1211.626459 3.980116 274.840388
[64] 1230.842752 4.023822 274.966740
[65] 1250.059045 4.067528 275.093091
[66] 1269.275338 4.111234 275.219442
[67] 1288.491631 4.154940 275.345793
[68] 1307.707924 4.198646 275.472144
[69] 1326.924217 4.242352 275.598495
[70] 1346.140510 4.286057 275.724847
[71] 1365.356803 4.329763 275.851198
[72] 1384.573096 4.373469 275.977549
[73] 1403.789389 4.417175 276.103900
[74] 1423.005682 4.460881 276.230251
[75] 1442.221975 4.504587 276.356602
[76] 1461.438268 4.548293 276.482954
[77] 1480.654561 4.591999 276.609305
[78] 1499.870854 4.635705 276.735656
[79] 1519.087147 4.679411 276.862007
[80] 1538.303440 4.723116 276.988358
[81] 1557.519733 4.766822 277.114709
[82] 1576.736026 4.810528 277.241060
[83] 1595.952319 4.854234 277.367412
[84] 1615.168612 4.897940 277.493763
[85] 1634.384905 4.941646 277.620114
[86] 1653.601198 4.985352 277.746465
[87] 1672.817491 5.029058 277.872816
[88] 1692.033784 5.072764 277.999167
[89] 1711.250077 5.116470 278.125519
[90] 1730.466370 5.160175 278.251870
[91] 1749.682663 5.203881 278.378221
[92] 1768.898956 5.247587 278.504572
[93] 1788.115249 5.291293 278.630923
[94] 1807.331542 5.334999 278.757274
[95] 1826.547835 5.378705 278.883626
[96] 1845.764128 5.422411 279.009977
[97] 1864.980421 5.466117 279.136328
[98] 1884.196714 5.509823 279.262679
[99] 1903.413007 5.553529 279.389030
[100] 1922.629300 5.597234 279.515381
[101] 1941.845593 5.640940 279.641733
[102] 1961.061886 5.684646 279.768084
[103] 1980.278179 5.728352 279.894435
[104] 1999.494472 5.772058 280.020786
[105] 2018.710765 5.803789 279.082725
[106] 2037.927058 5.835197 278.115906
[107] 2057.143351 5.866605 277.149086
[108] 2076.359644 5.898013 276.182267
[109] 2095.575937 5.929421 275.215448
[110] 2114.792230 5.960829 274.248628
[111] 2134.008523 5.992236 273.281809
[112] 2153.224816 6.023644 272.314990
[113] 2172.441109 6.055052 271.348170
[114] 2191.657402 6.086460 270.381351
[115] 2210.873695 6.117868 269.414531
[116] 2230.089988 6.149276 268.447712
[117] 2249.306281 6.180683 267.480893
[118] 2268.522574 6.212091 266.514073
[119] 2287.738867 6.243499 265.547254
[120] 2306.955160 6.274907 264.580435
[121] 2326.171453 6.306315 263.613615
[122] 2345.387746 6.337722 262.646796
[123] 2364.604039 6.369130 261.679977
[124] 2383.820332 6.400538 260.713157
[125] 2403.036625 6.431946 259.746338
[126] 2422.252918 6.463354 258.779519
[127] 2441.469211 6.494762 257.812699
[128] 2460.685504 6.526169 256.845880
[129] 2479.901797 6.557577 255.879060
[130] 2499.118090 6.588985 254.912241
[131] 2518.334383 6.620393 253.945422
[132] 2537.550676 6.651801 252.978602
[133] 2556.766969 6.683209 252.011783
[134] 2575.983262 6.714616 251.044964
[135] 2595.199555 6.746024 250.078144
[136] 2614.415848 6.777432 249.111325
[137] 2633.632141 6.808840 248.144506
[138] 2652.848434 6.840248 247.177686
[139] 2672.064727 6.871656 246.210867
[140] 2691.281020 6.903063 245.244048
[141] 2710.497313 6.934471 244.277228
[142] 2729.713606 6.965879 243.310409
[143] 2748.929899 6.997287 242.343589
[144] 2768.146192 7.028695 241.376770
[145] 2787.362485 7.060103 240.409951
[146] 2806.578778 7.091510 239.443131
[147] 2825.795071 7.122918 238.476312
[148] 2845.011364 7.154326 237.509493
[149] 2864.227657 7.185734 236.542673
[150] 2883.443950 7.217142 235.575854
[151] 2902.660243 7.248550 234.609035
[152] 2921.876536 7.279957 233.642215
[153] 2941.092829 7.311365 232.675396
[154] 2960.309122 7.342773 231.708577
[155] 2979.525415 7.374181 230.741757
[156] 2998.741708 7.405589 229.774938
[157] 3017.958001 7.419557 230.181021
[158] 3037.174294 7.432303 230.683302
[159] 3056.390587 7.445048 231.185584
[160] 3075.606880 7.457794 231.687865
[161] 3094.823173 7.470540 232.190146
[162] 3114.039466 7.483286 232.692427
[163] 3133.255759 7.496032 233.194708
[164] 3152.472052 7.508778 233.696989
[165] 3171.688345 7.521524 234.199270
[166] 3190.904638 7.534270 234.701551
[167] 3210.120931 7.547016 235.203832
[168] 3229.337224 7.559762 235.706113
[169] 3248.553517 7.572508 236.208394
[170] 3267.769810 7.585254 236.710675
[171] 3286.986103 7.598000 237.212956
[172] 3306.202396 7.610745 237.715237
[173] 3325.418689 7.623491 238.217518
[174] 3344.634982 7.636237 238.719799
[175] 3363.851275 7.648983 239.222080
[176] 3383.067568 7.661729 239.724361
[177] 3402.283861 7.674475 240.226642
[178] 3421.500154 7.687221 240.728923
[179] 3440.716447 7.699967 241.231204
[180] 3459.932740 7.712713 241.733485
[181] 3479.149033 7.725459 242.235766
[182] 3498.365326 7.738205 242.738047
[183] 3517.581619 7.750951 243.240328
[184] 3536.797912 7.763697 243.742609
[185] 3556.014205 7.776442 244.244891
[186] 3575.230498 7.789188 244.747172
[187] 3594.446791 7.801934 245.249453
[188] 3613.663084 7.814680 245.751734
[189] 3632.879377 7.827426 246.254015
[190] 3652.095670 7.840172 246.756296
[191] 3671.311963 7.852918 247.258577
[192] 3690.528256 7.865664 247.760858
[193] 3709.744549 7.878410 248.263139
[194] 3728.960842 7.891156 248.765420
[195] 3748.177135 7.903902 249.267701
[196] 3767.393428 7.916648 249.769982
[197] 3786.609721 7.929394 250.272263
[198] 3805.826014 7.942139 250.774544
[199] 3825.042307 7.954885 251.276825
[200] 3844.258600 7.967631 251.779106
[201] 3863.474893 7.980377 252.281387
[202] 3882.691186 7.993123 252.783668
[203] 3901.907479 8.005869 253.285949
[204] 3921.123772 8.018615 253.788230
[205] 3940.340065 8.031361 254.290511
[206] 3959.556358 8.044107 254.792792
[207] 3978.772651 8.056853 255.295073
[208] 3997.988944 8.069599 255.797354
[209] 4017.205237 8.199087 256.074791
[210] 4036.421530 8.342220 256.325946
[211] 4055.637823 8.485354 256.577101
[212] 4074.854116 8.628487 256.828257
[213] 4094.070409 8.771621 257.079412
[214] 4113.286702 8.914754 257.330567
[215] 4132.502995 9.057887 257.581722
[216] 4151.719288 9.201021 257.832877
[217] 4170.935581 9.344154 258.084033
[218] 4190.151874 9.487288 258.335188
[219] 4209.368167 9.630421 258.586343
[220] 4228.584460 9.773555 258.837498
[221] 4247.800753 9.916688 259.088654
[222] 4267.017046 10.059822 259.339809
[223] 4286.233339 10.202955 259.590964
[224] 4305.449632 10.346089 259.842119
[225] 4324.665925 10.489222 260.093274
[226] 4343.882218 10.632356 260.344430
[227] 4363.098511 10.775489 260.595585
[228] 4382.314804 10.918623 260.846740
[229] 4401.531097 11.061756 261.097895
[230] 4420.747390 11.204889 261.349051
[231] 4439.963683 11.348023 261.600206
[232] 4459.179976 11.491156 261.851361
[233] 4478.396269 11.634290 262.102516
[234] 4497.612562 11.777423 262.353671
[235] 4516.828855 11.920557 262.604827
[236] 4536.045148 12.063690 262.855982
[237] 4555.261441 12.206824 263.107137
[238] 4574.477734 12.349957 263.358292
[239] 4593.694027 12.493091 263.609448
[240] 4612.910320 12.636224 263.860603
[241] 4632.126613 12.779358 264.111758
[242] 4651.342906 12.922491 264.362913
[243] 4670.559199 13.065625 264.614068
[244] 4689.775492 13.208758 264.865224
[245] 4708.991785 13.351892 265.116379
[246] 4728.208078 13.495025 265.367534
[247] 4747.424371 13.638158 265.618689
[248] 4766.640664 13.781292 265.869844
[249] 4785.856957 13.924425 266.121000
[250] 4805.073250 14.067559 266.372155
[251] 4824.289543 14.210692 266.623310
[252] 4843.505836 14.353826 266.874465
[253] 4862.722129 14.496959 267.125621
[254] 4881.938422 14.640093 267.376776
[255] 4901.154715 14.783226 267.627931
[256] 4920.371008 14.926360 267.879086
[257] 4939.587301 15.069493 268.130241
[258] 4958.803594 15.212627 268.381397
[259] 4978.019887 15.355760 268.632552
[260] 4997.236180 15.498894 268.883707
[261] 5016.452473 15.466099 268.689349
[262] 5035.668766 15.403751 268.420150
[263] 5054.885059 15.341403 268.150951
[264] 5074.101352 15.279055 267.881752
[265] 5093.317645 15.216707 267.612553
[266] 5112.533938 15.154359 267.343354
[267] 5131.750231 15.092011 267.074156
[268] 5150.966524 15.029663 266.804957
[269] 5170.182817 14.967315 266.535758
[270] 5189.399110 14.904967 266.266559
[271] 5208.615403 14.842619 265.997360
[272] 5227.831696 14.780271 265.728161
[273] 5247.047989 14.717923 265.458962
[274] 5266.264282 14.655575 265.189763
[275] 5285.480575 14.593227 264.920564
[276] 5304.696868 14.530879 264.651365
[277] 5323.913161 14.468531 264.382166
[278] 5343.129454 14.406183 264.112967
[279] 5362.345747 14.343835 263.843768
[280] 5381.562040 14.281487 263.574569
[281] 5400.778333 14.219139 263.305370
[282] 5419.994626 14.156791 263.036171
[283] 5439.210919 14.094443 262.766973
[284] 5458.427212 14.032095 262.497774
[285] 5477.643505 13.969747 262.228575
[286] 5496.859798 13.907399 261.959376
[287] 5516.076091 13.845051 261.690177
[288] 5535.292384 13.782703 261.420978
[289] 5554.508677 13.720355 261.151779
[290] 5573.724970 13.658007 260.882580
[291] 5592.941263 13.595659 260.613381
[292] 5612.157556 13.533311 260.344182
[293] 5631.373849 13.470963 260.074983
[294] 5650.590142 13.408615 259.805784
[295] 5669.806435 13.346267 259.536585
[296] 5689.022728 13.283919 259.267386
[297] 5708.239021 13.221571 258.998187
[298] 5727.455314 13.159223 258.728989
[299] 5746.671607 13.096875 258.459790
[300] 5765.887900 13.034527 258.190591
[301] 5785.104193 12.972179 257.921392
[302] 5804.320486 12.909831 257.652193
[303] 5823.536779 12.847483 257.382994
[304] 5842.753072 12.785135 257.113795
[305] 5861.969365 12.722787 256.844596
[306] 5881.185658 12.660439 256.575397
[307] 5900.401951 12.598091 256.306198
[308] 5919.618244 12.535743 256.036999
[309] 5938.834537 12.473395 255.767800
[310] 5958.050830 12.411047 255.498601
[311] 5977.267123 12.348699 255.229402
[312] 5996.483416 12.286351 254.960203
[313] 6015.699709 12.240168 254.910082
[314] 6034.916002 12.197607 254.909032
[315] 6054.132295 12.155046 254.907982
[316] 6073.348588 12.112485 254.906931
[317] 6092.564881 12.069923 254.905881
[318] 6111.781174 12.027362 254.904831
[319] 6130.997467 11.984801 254.903781
[320] 6150.213760 11.942239 254.902731
[321] 6169.430053 11.899678 254.901681
[322] 6188.646346 11.857117 254.900630
[323] 6207.862639 11.814555 254.899580
[324] 6227.078932 11.771994 254.898530
[325] 6246.295225 11.729433 254.897480
[326] 6265.511518 11.686871 254.896430
[327] 6284.727811 11.644310 254.895380
[328] 6303.944104 11.601749 254.894329
[329] 6323.160397 11.559188 254.893279
[330] 6342.376690 11.516626 254.892229
[331] 6361.592983 11.474065 254.891179
[332] 6380.809276 11.431504 254.890129
[333] 6400.025569 11.388942 254.889079
[334] 6419.241862 11.346381 254.888028
[335] 6438.458155 11.303820 254.886978
[336] 6457.674448 11.261258 254.885928
[337] 6476.890741 11.218697 254.884878
[338] 6496.107034 11.176136 254.883828
[339] 6515.323327 11.133575 254.882778
[340] 6534.539620 11.091013 254.881727
[341] 6553.755913 11.048452 254.880677
[342] 6572.972206 11.005891 254.879627
[343] 6592.188499 10.963329 254.878577
[344] 6611.404792 10.920768 254.877527
[345] 6630.621085 10.878207 254.876477
[346] 6649.837378 10.835645 254.875426
[347] 6669.053671 10.793084 254.874376
[348] 6688.269964 10.750523 254.873326
[349] 6707.486257 10.707962 254.872276
[350] 6726.702550 10.665400 254.871226
[351] 6745.918843 10.622839 254.870176
[352] 6765.135136 10.580278 254.869125
[353] 6784.351429 10.537716 254.868075
[354] 6803.567722 10.495155 254.867025
[355] 6822.784015 10.452594 254.865975
[356] 6842.000308 10.410032 254.864925
[357] 6861.216601 10.367471 254.863875
[358] 6880.432894 10.324910 254.862824
[359] 6899.649187 10.282348 254.861774
[360] 6918.865480 10.239787 254.860724
[361] 6938.081773 10.197226 254.859674
[362] 6957.298066 10.154665 254.858624
[363] 6976.514359 10.112103 254.857573
[364] 6995.730652 10.069542 254.856523
[365] 7014.946945 10.280076 253.662682
[366] 7034.163238 10.562903 252.128141
[367] 7053.379531 10.845730 250.593599
[368] 7072.595824 11.128556 249.059057
[369] 7091.812117 11.411383 247.524515
[370] 7111.028410 11.694210 245.989973
[371] 7130.244703 11.977037 244.455431
[372] 7149.460996 12.259863 242.920889
[373] 7168.677289 12.542690 241.386347
[374] 7187.893582 12.825517 239.851806
[375] 7207.109875 13.108344 238.317264
[376] 7226.326168 13.391170 236.782722
[377] 7245.542461 13.673997 235.248180
[378] 7264.758754 13.956824 233.713638
[379] 7283.975047 14.239651 232.179096
[380] 7303.191340 14.522477 230.644554
[381] 7322.407633 14.805304 229.110013
[382] 7341.623926 15.088131 227.575471
[383] 7360.840219 15.370958 226.040929
[384] 7380.056512 15.653784 224.506387
[385] 7399.272805 15.936611 222.971845
[386] 7418.489098 16.219438 221.437303
[387] 7437.705391 16.502265 219.902761
[388] 7456.921684 16.785091 218.368219
[389] 7476.137977 17.067918 216.833678
[390] 7495.354270 17.350745 215.299136
[391] 7514.570563 17.633572 213.764594
[392] 7533.786856 17.916398 212.230052
[393] 7553.003149 18.199225 210.695510
[394] 7572.219442 18.482052 209.160968
[395] 7591.435735 18.764879 207.626426
[396] 7610.652028 19.047705 206.091885
[397] 7629.868321 19.330532 204.557343
[398] 7649.084614 19.613359 203.022801
[399] 7668.300907 19.896186 201.488259
[400] 7687.517200 20.179012 199.953717
	Read 1 wind days with 401 wind levels per day.
EXIT[get_wind].
Finished.
