PLUME_MODEL=[2]Beta Distribution with ALPHA and BETA parameteres
EXIT[get_points]:Read 90000 points.
ENTER[get_wind].
[0] 1.000000 2.994287 334.584128
[1] 25.997500 3.171685 333.597928
[2] 50.995000 3.349082 332.611729
[3] 75.992500 3.526479 331.625529
[4] 100.990000 3.703876 330.639330
[5] 125.987500 3.881273 329.653130
[6] 150.985000 4.058670 328.666930
[7] 175.982500 4.236068 327.680731
[8] 200.980000 4.413465 326.694531
[9] 225.977500 4.590862 325.708331
[10] 250.975000 4.768259 324.722132
[11] 275.972500 4.945656 323.735932
[12] 300.970000 5.123053 322.749733
[13] 325.967500 5.300451 321.763533
[14] 350.965000 5.477848 320.777333
[15] 375.962500 5.655245 319.791134
[16] 400.960000 5.832642 318.804934
[17] 425.957500 6.010039 317.818735
[18] 450.955000 6.187436 316.832535
[19] 475.952500 6.364834 315.846335
[20] 500.950000 6.542231 314.860136
[21] 525.947500 6.719628 313.873936
[22] 550.945000 6.897025 312.887736
[23] 575.942500 7.074422 311.901537
[24] 600.940000 7.251819 310.915337
[25] 625.937500 7.429217 309.929138
[26] 650.935000 7.606614 308.942938
[27] 675.932500 7.784011 307.956738
[28] 700.930000 7.961408 306.970539
[29] 725.927500 8.138805 305.984339
[30] 750.925000 8.316202 304.998139
[31] 775.922500 8.493599 304.011940
[32] 800.920000 8.670997 303.025740
[33] 825.917500 8.848394 302.039541
[34] 850.915000 9.025791 301.053341
[35] 875.912500 9.203188 300.067141
[36] 900.910000 9.380585 299.080942
[37] 925.907500 9.557982 298.094742
[38] 950.905000 9.735380 297.108543
[39] 975.902500 9.912777 296.122343
[40] 1000.900000 10.083234 295.103271
[41] 1025.897500 10.067886 293.204049
[42] 1050.895000 10.052539 291.304827
[43] 1075.892500 10.037191 289.405604
[44] 1100.890000 10.021843 287.506382
[45] 1125.887500 10.006495 285.607160
[46] 1150.885000 9.991147 283.707937
[47] 1175.882500 9.975799 281.808715
[48] 1200.880000 9.960451 279.909493
[49] 1225.877500 9.945103 278.010270
[50] 1250.875000 9.929755 276.111048
[51] 1275.872500 9.914407 274.211826
[52] 1300.870000 9.899059 272.312603
[53] 1325.867500 9.883711 270.413381
[54] 1350.865000 9.868364 268.514159
[55] 1375.862500 9.853016 266.614937
[56] 1400.860000 9.837668 264.715714
[57] 1425.857500 9.822320 262.816492
[58] 1450.855000 9.806972 260.917270
[59] 1475.852500 9.791624 259.018047
[60] 1500.850000 9.776276 257.118825
[61] 1525.847500 9.760928 255.219603
[62] 1550.845000 9.745580 253.320380
[63] 1575.842500 9.730232 251.421158
[64] 1600.840000 9.714884 249.521936
[65] 1625.837500 9.699536 247.622713
[66] 1650.835000 9.684188 245.723491
[67] 1675.832500 9.668841 243.824269
[68] 1700.830000 9.653493 241.925047
[69] 1725.827500 9.638145 240.025824
[70] 1750.825000 9.622797 238.126602
[71] 1775.822500 9.607449 236.227380
[72] 1800.820000 9.592101 234.328157
[73] 1825.817500 9.576753 232.428935
[74] 1850.815000 9.561405 230.529713
[75] 1875.812500 9.546057 228.630490
[76] 1900.810000 9.530709 226.731268
[77] 1925.807500 9.515361 224.832046
[78] 1950.805000 9.500013 222.932823
[79] 1975.802500 9.484665 221.033601
[80] 2000.800000 9.471199 219.214896
[81] 2025.797500 9.514626 219.831573
[82] 2050.795000 9.558054 220.448251
[83] 2075.792500 9.601482 221.064929
[84] 2100.790000 9.644910 221.681607
[85] 2125.787500 9.688337 222.298285
[86] 2150.785000 9.731765 222.914963
[87] 2175.782500 9.775193 223.531640
[88] 2200.780000 9.818621 224.148318
[89] 2225.777500 9.862049 224.764996
[90] 2250.775000 9.905476 225.381674
[91] 2275.772500 9.948904 225.998352
[92] 2300.770000 9.992332 226.615030
[93] 2325.767500 10.035760 227.231707
[94] 2350.765000 10.079188 227.848385
[95] 2375.762500 10.122615 228.465063
[96] 2400.760000 10.166043 229.081741
[97] 2425.757500 10.209471 229.698419
[98] 2450.755000 10.252899 230.315097
[99] 2475.752500 10.296327 230.931774
[100] 2500.750000 10.339754 231.548452
[101] 2525.747500 10.383182 232.165130
[102] 2550.745000 10.426610 232.781808
[103] 2575.742500 10.470038 233.398486
[104] 2600.740000 10.513465 234.015163
[105] 2625.737500 10.556893 234.631841
[106] 2650.735000 10.600321 235.248519
[107] 2675.732500 10.643749 235.865197
[108] 2700.730000 10.687177 236.481875
[109] 2725.727500 10.730604 237.098553
[110] 2750.725000 10.774032 237.715230
[111] 2775.722500 10.817460 238.331908
[112] 2800.720000 10.860888 238.948586
[113] 2825.717500 10.904316 239.565264
[114] 2850.715000 10.947743 240.181942
[115] 2875.712500 10.991171 240.798620
[116] 2900.710000 11.034599 241.415297
[117] 2925.707500 11.078027 242.031975
[118] 2950.705000 11.121455 242.648653
[119] 2975.702500 11.164882 243.265331
[120] 3000.700000 11.206008 243.878323
[121] 3025.697500 11.167223 244.363398
[122] 3050.695000 11.128437 244.848473
[123] 3075.692500 11.089652 245.333548
[124] 3100.690000 11.050867 245.818623
[125] 3125.687500 11.012081 246.303698
[126] 3150.685000 10.973296 246.788773
[127] 3175.682500 10.934511 247.273848
[128] 3200.680000 10.895725 247.758923
[129] 3225.677500 10.856940 248.243998
[130] 3250.675000 10.818155 248.729073
[131] 3275.672500 10.779369 249.214148
[132] 3300.670000 10.740584 249.699223
[133] 3325.667500 10.701799 250.184298
[134] 3350.665000 10.663013 250.669373
[135] 3375.662500 10.624228 251.154448
[136] 3400.660000 10.585443 251.639523
[137] 3425.657500 10.546657 252.124598
[138] 3450.655000 10.507872 252.609673
[139] 3475.652500 10.469087 253.094748
[140] 3500.650000 10.430301 253.579823
[141] 3525.647500 10.391516 254.064898
[142] 3550.645000 10.352731 254.549973
[143] 3575.642500 10.313945 255.035048
[144] 3600.640000 10.275160 255.520123
[145] 3625.637500 10.236375 256.005198
[146] 3650.635000 10.197589 256.490273
[147] 3675.632500 10.158804 256.975348
[148] 3700.630000 10.120019 257.460423
[149] 3725.627500 10.081233 257.945498
[150] 3750.625000 10.042448 258.430573
[151] 3775.622500 10.003663 258.915648
[152] 3800.620000 9.964877 259.400723
[153] 3825.617500 9.926092 259.885798
[154] 3850.615000 9.887307 260.370873
[155] 3875.612500 9.848521 260.855948
[156] 3900.610000 9.809736 261.341023
[157] 3925.607500 9.770951 261.826098
[158] 3950.605000 9.732165 262.311173
[159] 3975.602500 9.693380 262.796248
[160] 4000.600000 9.657462 263.283421
[161] 4025.597500 9.738118 263.855922
[162] 4050.595000 9.818774 264.428422
[163] 4075.592500 9.899430 265.000923
[164] 4100.590000 9.980086 265.573423
[165] 4125.587500 10.060742 266.145924
[166] 4150.585000 10.141398 266.718424
[167] 4175.582500 10.222054 267.290925
[168] 4200.580000 10.302710 267.863425
[169] 4225.577500 10.383366 268.435926
[170] 4250.575000 10.464022 269.008426
[171] 4275.572500 10.544678 269.580927
[172] 4300.570000 10.625334 270.153427
[173] 4325.567500 10.705990 270.725928
[174] 4350.565000 10.786646 271.298428
[175] 4375.562500 10.867302 271.870929
[176] 4400.560000 10.947958 272.443429
[177] 4425.557500 11.028614 273.015930
[178] 4450.555000 11.109270 273.588430
[179] 4475.552500 11.189926 274.160931
[180] 4500.550000 11.270582 274.733431
[181] 4525.547500 11.351238 275.305932
[182] 4550.545000 11.431894 275.878432
[183] 4575.542500 11.512550 276.450933
[184] 4600.540000 11.593206 277.023433
[185] 4625.537500 11.673862 277.595934
[186] 4650.535000 11.754518 278.168434
[187] 4675.532500 11.835174 278.740935
[188] 4700.530000 11.915830 279.313435
[189] 4725.527500 11.996486 279.885936
[190] 4750.525000 12.077142 280.458436
[191] 4775.522500 12.157798 281.030937
[192] 4800.520000 12.238454 281.603437
[193] 4825.517500 12.319110 282.175938
[194] 4850.515000 12.399766 282.748438
[195] 4875.512500 12.480422 283.320939
[196] 4900.510000 12.561078 283.893439
[197] 4925.507500 12.641734 284.465940
[198] 4950.505000 12.722390 285.038440
[199] 4975.502500 12.803046 285.610941
[200] 5000.500000 12.879194 286.134200
[201] 5025.497500 12.734452 284.244902
[202] 5050.495000 12.589709 282.355605
[203] 5075.492500 12.444967 280.466307
[204] 5100.490000 12.300225 278.577009
[205] 5125.487500 12.155483 276.687711
[206] 5150.485000 12.010741 274.798413
[207] 5175.482500 11.865999 272.909116
[208] 5200.480000 11.721256 271.019818
[209] 5225.477500 11.576514 269.130520
[210] 5250.475000 11.431772 267.241222
[211] 5275.472500 11.287030 265.351924
[212] 5300.470000 11.142288 263.462627
[213] 5325.467500 10.997545 261.573329
[214] 5350.465000 10.852803 259.684031
[215] 5375.462500 10.708061 257.794733
[216] 5400.460000 10.563319 255.905435
[217] 5425.457500 10.418577 254.016138
[218] 5450.455000 10.273835 252.126840
[219] 5475.452500 10.129092 250.237542
[220] 5500.450000 9.984350 248.348244
[221] 5525.447500 9.839608 246.458946
[222] 5550.445000 9.694866 244.569649
[223] 5575.442500 9.550124 242.680351
[224] 5600.440000 9.405381 240.791053
[225] 5625.437500 9.260639 238.901755
[226] 5650.435000 9.115897 237.012457
[227] 5675.432500 8.971155 235.123160
[228] 5700.430000 8.826413 233.233862
[229] 5725.427500 8.681670 231.344564
[230] 5750.425000 8.536928 229.455266
[231] 5775.422500 8.392186 227.565968
[232] 5800.420000 8.247444 225.676671
[233] 5825.417500 8.102702 223.787373
[234] 5850.415000 7.957960 221.898075
[235] 5875.412500 7.813217 220.008777
[236] 5900.410000 7.668475 218.119479
[237] 5925.407500 7.523733 216.230182
[238] 5950.405000 7.378991 214.340884
[239] 5975.402500 7.234249 212.451586
[240] 6000.400000 7.091949 210.596541
[241] 6025.397500 7.099866 210.847837
[242] 6050.395000 7.107783 211.099133
[243] 6075.392500 7.115699 211.350429
[244] 6100.390000 7.123616 211.601726
[245] 6125.387500 7.131533 211.853022
[246] 6150.385000 7.139449 212.104318
[247] 6175.382500 7.147366 212.355614
[248] 6200.380000 7.155283 212.606910
[249] 6225.377500 7.163199 212.858206
[250] 6250.375000 7.171116 213.109502
[251] 6275.372500 7.179033 213.360798
[252] 6300.370000 7.186950 213.612095
[253] 6325.367500 7.194866 213.863391
[254] 6350.365000 7.202783 214.114687
[255] 6375.362500 7.210700 214.365983
[256] 6400.360000 7.218616 214.617279
[257] 6425.357500 7.226533 214.868575
[258] 6450.355000 7.234450 215.119871
[259] 6475.352500 7.242366 215.371167
[260] 6500.350000 7.250283 215.622463
[261] 6525.347500 7.258200 215.873760
[262] 6550.345000 7.266116 216.125056
[263] 6575.342500 7.274033 216.376352
[264] 6600.340000 7.281950 216.627648
[265] 6625.337500 7.289867 216.878944
[266] 6650.335000 7.297783 217.130240
[267] 6675.332500 7.305700 217.381536
[268] 6700.330000 7.313617 217.632832
[269] 6725.327500 7.321533 217.884129
[270] 6750.325000 7.329450 218.135425
[271] 6775.322500 7.337367 218.386721
[272] 6800.320000 7.345283 218.638017
[273] 6825.317500 7.353200 218.889313
[274] 6850.315000 7.361117 219.140609
[275] 6875.312500 7.369034 219.391905
[276] 6900.310000 7.376950 219.643201
[277] 6925.307500 7.384867 219.894498
[278] 6950.305000 7.392784 220.145794
[279] 6975.302500 7.400700 220.397090
[280] 7000.300000 7.408650 220.666083
[281] 7025.297500 7.419277 222.392021
[282] 7050.295000 7.429905 224.117959
[283] 7075.292500 7.440533 225.843897
[284] 7100.290000 7.451161 227.569835
[285] 7125.287500 7.461789 229.295773
[286] 7150.285000 7.472417 231.021711
[287] 7175.282500 7.483045 232.747649
[288] 7200.280000 7.493672 234.473586
[289] 7225.277500 7.504300 236.199524
[290] 7250.275000 7.514928 237.925462
[291] 7275.272500 7.525556 239.651400
[292] 7300.270000 7.536184 241.377338
[293] 7325.267500 7.546812 243.103276
[294] 7350.265000 7.557440 244.829214
[295] 7375.262500 7.568068 246.555152
[296] 7400.260000 7.578695 248.281090
[297] 7425.257500 7.589323 250.007027
[298] 7450.255000 7.599951 251.732965
[299] 7475.252500 7.610579 253.458903
[300] 7500.250000 7.621207 255.184841
[301] 7525.247500 7.631835 256.910779
[302] 7550.245000 7.642463 258.636717
[303] 7575.242500 7.653090 260.362655
[304] 7600.240000 7.663718 262.088593
[305] 7625.237500 7.674346 263.814531
[306] 7650.235000 7.684974 265.540468
[307] 7675.232500 7.695602 267.266406
[308] 7700.230000 7.706230 268.992344
[309] 7725.227500 7.716858 270.718282
[310] 7750.225000 7.727485 272.444220
[311] 7775.222500 7.738113 274.170158
[312] 7800.220000 7.748741 275.896096
[313] 7825.217500 7.759369 277.622034
[314] 7850.215000 7.769997 279.347972
[315] 7875.212500 7.780625 281.073909
[316] 7900.210000 7.791253 282.799847
[317] 7925.207500 7.801881 284.525785
[318] 7950.205000 7.812508 286.251723
[319] 7975.202500 7.823136 287.977661
[320] 8000.200000 7.834742 289.708122
[321] 8025.197500 7.967627 291.999374
[322] 8050.195000 8.100512 294.290626
[323] 8075.192500 8.233397 296.581878
[324] 8100.190000 8.366283 298.873130
[325] 8125.187500 8.499168 301.164382
[326] 8150.185000 8.632053 303.455634
[327] 8175.182500 8.764938 305.746887
[328] 8200.180000 8.897823 308.038139
[329] 8225.177500 9.030708 310.329391
[330] 8250.175000 9.163593 312.620643
[331] 8275.172500 9.296478 314.911895
[332] 8300.170000 9.429363 317.203147
[333] 8325.167500 9.562248 319.494399
[334] 8350.165000 9.695133 321.785651
[335] 8375.162500 9.828018 324.076903
[336] 8400.160000 9.960903 326.368155
[337] 8425.157500 10.093788 328.659408
[338] 8450.155000 10.226673 330.950660
[339] 8475.152500 10.359558 333.241912
[340] 8500.150000 10.492443 335.533164
[341] 8525.147500 10.625328 337.824416
[342] 8550.145000 10.758214 340.115668
[343] 8575.142500 10.891099 342.406920
[344] 8600.140000 11.023984 344.698172
[345] 8625.137500 11.156869 346.989424
[346] 8650.135000 11.289754 349.280676
[347] 8675.132500 11.422639 351.571929
[348] 8700.130000 11.555524 353.863181
[349] 8725.127500 11.688409 356.154433
[350] 8750.125000 11.821294 358.445685
[351] 8775.122500 11.954179 360.736937
[352] 8800.120000 12.087064 363.028189
[353] 8825.117500 12.219949 365.319441
[354] 8850.115000 12.352834 367.610693
[355] 8875.112500 12.485719 369.901945
[356] 8900.110000 12.618604 372.193198
[357] 8925.107500 12.751489 374.484450
[358] 8950.105000 12.884374 376.775702
[359] 8975.102500 13.017260 379.066954
[360] 9000.100000 13.149676 381.342745
[361] 9025.097500 13.165537 379.769213
[362] 9050.095000 13.181398 378.195681
[363] 9075.092500 13.197259 376.622149
[364] 9100.090000 13.213120 375.048617
[365] 9125.087500 13.228981 373.475085
[366] 9150.085000 13.244841 371.901552
[367] 9175.082500 13.260702 370.328020
[368] 9200.080000 13.276563 368.754488
[369] 9225.077500 13.292424 367.180956
[370] 9250.075000 13.308285 365.607424
[371] 9275.072500 13.324145 364.033892
[372] 9300.070000 13.340006 362.460360
[373] 9325.067500 13.355867 360.886828
[374] 9350.065000 13.371728 359.313295
[375] 9375.062500 13.387589 357.739763
[376] 9400.060000 13.403449 356.166231
[377] 9425.057500 13.419310 354.592699
[378] 9450.055000 13.435171 353.019167
[379] 9475.052500 13.451032 351.445635
[380] 9500.050000 13.466893 349.872103
[381] 9525.047500 13.482754 348.298570
[382] 9550.045000 13.498614 346.725038
[383] 9575.042500 13.514475 345.151506
[384] 9600.040000 13.530336 343.577974
[385] 9625.037500 13.546197 342.004442
[386] 9650.035000 13.562058 340.430910
[387] 9675.032500 13.577918 338.857378
[388] 9700.030000 13.593779 337.283846
[389] 9725.027500 13.609640 335.710313
[390] 9750.025000 13.625501 334.136781
[391] 9775.022500 13.641362 332.563249
[392] 9800.020000 13.657222 330.989717
[393] 9825.017500 13.673083 329.416185
[394] 9850.015000 13.688944 327.842653
[395] 9875.012500 13.704805 326.269121
[396] 9900.010000 13.720666 324.695589
[397] 9925.007500 13.736527 323.122056
[398] 9950.005000 13.752387 321.548524
[399] 9975.002500 13.768248 319.974992
[400] 10000.000000 13.784109 318.401460
	Read 1 wind days with 401 wind levels per day.
EXIT[get_wind].
Finished.
