single point
       pumdena                      800.0000000000000    1.000000000000000   0.0000000000000000
      lithdena                      2800.000000000000    1.000000000000000   0.0000000000000000
       pumdenb                      800.0000000000000    1.000000000000000   0.0000000000000000
      lithdenb                      2800.000000000000    1.000000000000000   0.0000000000000000
     median_ga                      -0.09344796499999999    1.000000000000000   0.0000000000000000
     median_gb                      -0.2953383300000000    1.000000000000000   0.0000000000000000
       ws_b_00                      2.987190900000000    1.000000000000000   0.0000000000000000
       ws_b_01                      10.08378700000000    1.000000000000000   0.0000000000000000
       ws_b_02                      9.469808700000000    1.000000000000000   0.0000000000000000
       ws_b_03                      11.20709400000000    1.000000000000000   0.0000000000000000
       ws_b_04                      9.655525600000001    1.000000000000000   0.0000000000000000
       ws_b_05                      12.88208900000000    1.000000000000000   0.0000000000000000
       ws_b_06                      7.091822500000000    1.000000000000000   0.0000000000000000
       ws_b_07                      7.408522000000000    1.000000000000000   0.0000000000000000
       ws_b_08                      7.833679100000000    1.000000000000000   0.0000000000000000
       ws_b_09                      13.14961300000000    1.000000000000000   0.0000000000000000
       ws_b_10                      13.78410900000000    1.000000000000000   0.0000000000000000
       ws_b_11                      14.00000000000000    1.000000000000000   0.0000000000000000
       ws_b_12                      14.00000000000000    1.000000000000000   0.0000000000000000
       ws_b_13                      20.00000000000000    1.000000000000000   0.0000000000000000
       ws_b_14                      20.00000000000000    1.000000000000000   0.0000000000000000
       ws_b_15                      20.00000000000000    1.000000000000000   0.0000000000000000
     fall_tima                      1203.486700000000    1.000000000000000   0.0000000000000000
     fall_timb                      2742.376500000000    1.000000000000000   0.0000000000000000
     plume_hea                      9299.932300000000    1.000000000000000   0.0000000000000000
     plume_heb                      10000.00000000000    1.000000000000000   0.0000000000000000
         betaa                      1.000000000000000    1.000000000000000   0.0000000000000000
         betab                      1.000000000000000    1.000000000000000   0.0000000000000000
     diffusioa                      3673.953700000000    1.000000000000000   0.0000000000000000
     diffusiob                      1140.130700000000    1.000000000000000   0.0000000000000000
       wd_b_00                      334.6235800000000    1.000000000000000   0.0000000000000000
       wd_b_01                      295.1716500000000    1.000000000000000   0.0000000000000000
       wd_b_02                      219.1951600000000    1.000000000000000   0.0000000000000000
       wd_b_03                      243.8647400000000    1.000000000000000   0.0000000000000000
       wd_b_04                      263.2696800000000    1.000000000000000   0.0000000000000000
       wd_b_05                      286.1719900000000    1.000000000000000   0.0000000000000000
       wd_b_06                      210.5925200000000    1.000000000000000   0.0000000000000000
       wd_b_07                      220.6453700000000    1.000000000000000   0.0000000000000000
       wd_b_08                      289.6897900000000    1.000000000000000   0.0000000000000000
       wd_b_09                      381.3490400000000    1.000000000000000   0.0000000000000000
       wd_b_10                      318.4014600000000    1.000000000000000   0.0000000000000000
       wd_b_11                      262.0000000000000    1.000000000000000   0.0000000000000000
       wd_b_12                      262.0000000000000    1.000000000000000   0.0000000000000000
       wd_b_13                      262.0000000000000    1.000000000000000   0.0000000000000000
       wd_b_14                      262.0000000000000    1.000000000000000   0.0000000000000000
       wd_b_15                      262.0000000000000    1.000000000000000   0.0000000000000000
       wd_a_00                      438.4062600000000    1.000000000000000   0.0000000000000000
       wd_a_01                      237.6281600000000    1.000000000000000   0.0000000000000000
       wd_a_02                      235.5402800000000    1.000000000000000   0.0000000000000000
       wd_a_03                      449.7595100000000    1.000000000000000   0.0000000000000000
       wd_a_04                      238.7990200000000    1.000000000000000   0.0000000000000000
       wd_a_05                      235.3356600000000    1.000000000000000   0.0000000000000000
       wd_a_06                      262.4912800000000    1.000000000000000   0.0000000000000000
       wd_a_07                      281.2091100000000    1.000000000000000   0.0000000000000000
       wd_a_08                      175.4025300000000    1.000000000000000   0.0000000000000000
       wd_a_09                      328.1470200000000    1.000000000000000   0.0000000000000000
       wd_a_10                      244.8071200000000    1.000000000000000   0.0000000000000000
       wd_a_11                      255.0000000000000    1.000000000000000   0.0000000000000000
       wd_a_12                      255.0000000000000    1.000000000000000   0.0000000000000000
       wd_a_13                      255.0000000000000    1.000000000000000   0.0000000000000000
       wd_a_14                      255.0000000000000    1.000000000000000   0.0000000000000000
       wd_a_15                      255.0000000000000    1.000000000000000   0.0000000000000000
       ws_a_00                      3.171742000000000    1.000000000000000   0.0000000000000000
       ws_a_01                      8.333602300000001    1.000000000000000   0.0000000000000000
       ws_a_02                      13.35619100000000    1.000000000000000   0.0000000000000000
       ws_a_03                      3.616332300000000    1.000000000000000   0.0000000000000000
       ws_a_04                      18.47919700000000    1.000000000000000   0.0000000000000000
       ws_a_05                      22.97042600000000    1.000000000000000   0.0000000000000000
       ws_a_06                      6.666421900000000    1.000000000000000   0.0000000000000000
       ws_a_07                      2.593948000000000    1.000000000000000   0.0000000000000000
       ws_a_08                      7.935953700000000    1.000000000000000   0.0000000000000000
       ws_a_09                      9.689381800000000    1.000000000000000   0.0000000000000000
       ws_a_10                      13.89133700000000    1.000000000000000   0.0000000000000000
       ws_a_11                      14.00000000000000    1.000000000000000   0.0000000000000000
       ws_a_12                      14.00000000000000    1.000000000000000   0.0000000000000000
       ws_a_13                      20.00000000000000    1.000000000000000   0.0000000000000000
       ws_a_14                      20.00000000000000    1.000000000000000   0.0000000000000000
       ws_a_15                      20.00000000000000    1.000000000000000   0.0000000000000000
     std_graia                      2.890114500000000    1.000000000000000   0.0000000000000000
     std_graib                      1.867471600000000    1.000000000000000   0.0000000000000000
        alphaa                      0.5929128800000000    1.000000000000000   0.0000000000000000
        alphab                      1.082826500000000    1.000000000000000   0.0000000000000000
     eddy_cona                      0.005185970600000000    1.000000000000000   0.0000000000000000
     eddy_conb                      0.004900641800000000    1.000000000000000   0.0000000000000000
     eruptiona                      13783076000.00000    1.000000000000000   0.0000000000000000
     eruptionb                      8634153600.000000    1.000000000000000   0.0000000000000000
